Rank,Player,Age,Tm,First,Pts Won,Pts Max,Share,G,MP,PTS,TRB,AST,STL,BLK,FG%,3P%,FT%,WS,WS/48
1,Larry Bird\birdla01,29,BOS,73.0,765.0,780,0.981,82,38.0,25.8,9.8,6.8,2.0,0.6,.496,.423,.896,15.8,.244
2,Dominique Wilkins\wilkido01,26,ATL,5.0,407.0,780,0.522,78,39.1,30.3,7.9,2.6,1.8,0.6,.468,.186,.818,10.8,.170
3,Magic Johnson\johnsma02,26,LAL,0.0,205.0,780,0.263,72,35.8,18.8,5.9,12.6,1.6,0.2,.526,.233,.871,12.1,.226
4,Hakeem Olajuwon\olajuha01,23,HOU,0.0,193.0,780,0.247,68,36.3,23.5,11.5,2.0,2.0,3.4,.526,,.645,9.5,.186
5,Kareem Abdul-Jabbar\abdulka01,38,LAL,0.0,135.0,780,0.173,79,33.3,23.4,6.1,3.5,0.8,1.6,.564,.000,.765,10.8,.197
6,Charles Barkley\barklch01,22,PHI,0.0,133.0,780,0.171,80,36.9,20.0,12.8,3.9,2.2,1.6,.572,.227,.685,10.8,.176
7,Sidney Moncrief\moncrsi01,28,MIL,0.0,56.0,780,0.072,73,35.2,20.2,4.6,4.9,1.4,0.2,.489,.320,.859,11.7,.219
8,Alex English\englial01,32,DEN,0.0,55.0,780,0.071,81,37.3,29.8,5.0,4.0,0.9,0.4,.504,.200,.862,9.8,.156
9,Isiah Thomas\thomais01,24,DET,0.0,28.0,780,0.036,77,36.2,20.9,3.6,10.8,2.2,0.3,.488,.310,.790,8.8,.151
10,Moses Malone\malonmo01,30,PHI,0.0,21.0,780,0.027,74,36.6,23.8,11.8,1.2,0.9,1.0,.458,.000,.787,8.9,.157
11,Terry Cummings\cummite01,24,MIL,0.0,9.0,780,0.012,82,32.5,19.8,8.5,2.4,1.5,0.6,.474,.000,.656,7.4,.133
12,James Worthy\worthja01,24,LAL,0.0,7.0,780,0.009,75,32.7,20.0,5.2,2.7,1.1,1.0,.579,.000,.771,9.5,.185
13,Kevin McHale\mchalke01,28,BOS,0.0,3.0,780,0.004,68,35.3,21.3,8.1,2.7,0.4,2.0,.574,,.776,11.0,.220
13,Paul Pressey\presspa01,27,MIL,0.0,3.0,780,0.004,80,33.8,14.3,5.0,7.8,2.1,0.9,.488,.182,.806,9.8,.174
13,Alvin Robertson\roberal01,23,SAS,0.0,3.0,780,0.004,82,35.1,17.0,6.3,5.5,3.7,0.5,.514,.276,.795,8.6,.143
16,Adrian Dantley\dantlad01,30,UTA,0.0,2.0,780,0.003,76,36.1,29.8,5.2,3.5,0.8,0.1,.563,.091,.791,12.8,.223
16,Buck Williams\willibu01,25,NJN,0.0,2.0,780,0.003,82,37.4,15.9,12.0,1.6,0.9,1.2,.523,.000,.676,6.8,.106
18,Dennis Johnson\johnsde01,31,BOS,0.0,1.0,780,0.001,78,35.0,15.6,3.4,5.8,1.4,0.4,.455,.143,.818,6.7,.118
1,Magic Johnson\johnsma02,27,LAL,65.0,733.0,780,0.940,80,36.3,23.9,6.3,12.2,1.7,0.5,.522,.205,.848,15.9,.263
2,Michael Jordan\jordami01,23,CHI,10.0,449.0,780,0.576,82,40.0,37.1,5.2,4.6,2.9,1.5,.482,.182,.857,16.9,.247
3,Larry Bird\birdla01,30,BOS,1.0,271.0,780,0.347,74,40.6,28.1,9.2,7.6,1.8,0.9,.525,.400,.910,15.2,.243
4,Kevin McHale\mchalke01,29,BOS,0.0,254.0,780,0.326,77,39.7,26.1,9.9,2.6,0.5,2.2,.604,.000,.836,14.8,.232
5,Dominique Wilkins\wilkido01,27,ATL,0.0,128.0,780,0.164,79,37.6,29.0,6.3,3.3,1.5,0.6,.463,.292,.818,12.2,.197
6,Charles Barkley\barklch01,23,PHI,1.0,113.0,780,0.145,68,40.3,23.0,14.6,4.9,1.8,1.5,.594,.202,.761,12.0,.210
7,Hakeem Olajuwon\olajuha01,24,HOU,1.0,28.0,780,0.036,75,36.8,23.4,11.4,2.9,1.9,3.4,.508,.200,.702,10.9,.189
8,Isiah Thomas\thomais01,25,DET,0.0,17.0,780,0.022,81,37.2,20.6,3.9,10.0,1.9,0.2,.463,.194,.768,7.6,.121
9,Fat Lever\leverfa01,26,DEN,0.0,11.0,780,0.014,82,37.2,18.9,8.9,8.0,2.5,0.4,.469,.239,.782,9.7,.153
10,Moses Malone\malonmo01,31,WSB,0.0,9.0,780,0.012,73,34.1,24.1,11.3,1.6,0.8,1.3,.454,.000,.824,9.4,.182
11,Steve Johnson\johnsst03,29,POR,0.0,4.0,780,0.005,79,29.7,16.8,7.2,2.0,0.6,1.0,.556,,.698,4.4,.091
12,Karl Malone\malonka01,23,UTA,0.0,3.0,780,0.004,82,34.8,21.7,10.4,1.9,1.3,0.7,.512,.000,.598,6.9,.116
12,Robert Parish\parisro01,33,BOS,0.0,3.0,780,0.004,80,37.4,17.5,10.6,2.2,0.8,1.8,.556,.000,.735,9.2,.147
14,Alex English\englial01,33,DEN,0.0,2.0,780,0.003,82,37.6,28.6,4.2,5.1,0.9,0.3,.503,.267,.844,8.1,.126
15,Mark Aguirre\aguirma01,27,DAL,0.0,1.0,780,0.001,80,33.3,25.7,5.3,3.2,1.1,0.4,.495,.353,.770,8.9,.160
15,Rolando Blackman\blackro01,27,DAL,0.0,1.0,780,0.001,80,34.5,21.0,3.5,3.3,0.8,0.3,.495,.333,.884,8.0,.140
15,Joe Barry Carroll\carrojo01,28,GSW,0.0,1.0,780,0.001,81,33.6,21.2,7.3,2.6,1.1,1.5,.472,,.787,4.6,.082
1,Michael Jordan\jordami01,24,CHI,47.0,665.0,800,0.831,82,40.4,35.0,5.5,5.9,3.2,1.6,.535,.132,.841,21.2,.308
2,Larry Bird\birdla01,31,BOS,16.0,527.0,800,0.659,76,39.0,29.9,9.3,6.1,1.6,0.8,.527,.414,.916,15.0,.243
3,Magic Johnson\johnsma02,28,LAL,16.0,508.0,800,0.635,72,36.6,19.6,6.2,11.9,1.6,0.2,.492,.196,.853,10.9,.199
4,Charles Barkley\barklch01,24,PHI,1.0,109.0,800,0.136,80,39.6,28.3,11.9,3.2,1.3,1.3,.587,.280,.751,16.7,.253
5,Clyde Drexler\drexlcl01,25,POR,0.0,86.0,800,0.108,81,37.8,27.0,6.6,5.8,2.5,0.6,.506,.212,.811,13.2,.207
6,Dominique Wilkins\wilkido01,28,ATL,0.0,55.0,800,0.069,78,37.8,30.7,6.4,2.9,1.3,0.6,.464,.295,.826,9.8,.160
7,Hakeem Olajuwon\olajuha01,25,HOU,0.0,40.0,800,0.050,79,35.8,22.8,12.1,2.1,2.1,2.7,.514,.000,.695,10.7,.182
8,Karl Malone\malonka01,24,UTA,0.0,36.0,800,0.045,82,39.0,27.7,12.0,2.4,1.4,0.6,.520,.000,.700,10.1,.152
9,Fat Lever\leverfa01,27,DEN,0.0,26.0,800,0.033,82,37.3,18.9,8.1,7.8,2.7,0.3,.473,.211,.785,10.4,.163
10,John Stockton\stockjo01,25,UTA,0.0,15.0,800,0.019,82,34.7,14.7,2.9,13.8,3.0,0.2,.574,.358,.840,14.1,.238
11,Alex English\englial01,34,DEN,0.0,4.0,800,0.005,80,35.2,25.0,4.7,4.7,0.9,0.3,.495,.000,.828,7.6,.129
12,Isiah Thomas\thomais01,26,DET,0.0,3.0,800,0.004,81,36.1,19.5,3.4,8.4,1.7,0.2,.463,.309,.774,7.6,.124
13,Mark Jackson\jacksma01,22,NYK,0.0,2.0,800,0.003,82,39.6,13.6,4.8,10.6,2.5,0.1,.432,.254,.774,7.6,.113
14,Michael Adams\adamsmi01,25,DEN,0.0,1.0,800,0.001,82,33.9,13.9,2.7,6.1,2.0,0.2,.449,.367,.834,7.5,.130
14,Mark Aguirre\aguirma01,28,DAL,0.0,1.0,800,0.001,77,33.9,25.1,5.6,3.6,0.9,0.7,.475,.302,.770,8.8,.163
14,Adrian Dantley\dantlad01,32,DET,0.0,1.0,800,0.001,69,31.1,20.0,3.3,2.5,0.6,0.1,.514,.000,.860,9.4,.210
14,Buck Williams\willibu01,27,NJN,0.0,1.0,800,0.001,70,37.7,18.3,11.9,1.6,1.0,0.6,.560,1.000,.668,7.6,.138
1,Magic Johnson\johnsma02,29,LAL,42.5,664.5,850,0.782,77,37.5,22.5,7.9,12.8,1.8,0.3,.509,.314,.911,16.1,.267
2,Michael Jordan\jordami01,25,CHI,27.5,598.8,850,0.704,81,40.2,32.5,8.0,8.0,2.9,0.8,.538,.276,.850,19.8,.292
3,Karl Malone\malonka01,25,UTA,5.0,362.0,850,0.426,80,39.1,29.1,10.7,2.7,1.8,0.9,.519,.313,.766,15.2,.233
4,Patrick Ewing\ewingpa01,26,NYK,8.0,200.0,850,0.235,80,36.2,22.7,9.3,2.4,1.5,3.5,.567,.000,.746,10.9,.181
5,Hakeem Olajuwon\olajuha01,26,HOU,2.0,179.3,850,0.211,82,36.9,24.8,13.5,1.8,2.6,3.4,.508,.000,.696,12.4,.197
6,Charles Barkley\barklch01,25,PHI,0.0,94.3,850,0.111,79,39.1,25.8,12.5,4.1,1.6,0.8,.579,.216,.753,16.1,.250
7,John Stockton\stockjo01,26,UTA,0.0,28.0,850,0.033,82,38.7,17.1,3.0,13.6,3.2,0.2,.538,.242,.863,15.6,.236
8,Kevin Johnson\johnske02,22,PHO,0.0,22.0,850,0.026,81,39.2,20.4,4.2,12.2,1.7,0.3,.505,.091,.882,12.2,.184
9,Tom Chambers\chambto01,29,PHO,0.0,20.0,850,0.024,81,37.1,25.7,8.4,2.9,1.1,0.7,.471,.326,.851,9.2,.146
10,Mark Price\pricema01,24,CLE,0.0,18.0,850,0.021,75,36.4,18.9,3.0,8.4,1.5,0.1,.526,.441,.901,11.3,.199
11,Brad Daugherty\daughbr01,23,CLE,0.0,4.0,850,0.005,78,36.2,18.9,9.2,3.7,0.8,0.5,.538,.333,.737,9.6,.164
11,Robert Parish\parisro01,35,BOS,0.0,4.0,850,0.005,80,35.5,18.6,12.5,2.2,1.0,1.5,.570,,.719,10.5,.177
13,Mark Eaton\eatonma01,32,UTA,0.0,3.0,850,0.004,82,35.5,6.2,10.3,1.0,0.5,3.8,.462,,.660,6.6,.108
13,Moses Malone\malonmo01,33,ATL,0.0,3.0,850,0.004,81,35.5,20.2,11.8,1.4,1.0,1.2,.491,.000,.789,10.7,.178
13,Chris Mullin\mullich01,25,GSW,0.0,3.0,850,0.004,82,37.7,26.5,5.9,5.1,2.1,0.5,.509,.230,.892,10.6,.165
13,Larry Nance\nancela01,29,CLE,0.0,3.0,850,0.004,73,34.6,17.2,8.0,2.2,0.8,2.8,.539,.000,.799,10.3,.197
17,Terry Cummings\cummite01,27,MIL,0.0,1.0,850,0.001,80,35.3,22.9,8.1,2.5,1.3,0.9,.467,.467,.787,7.7,.131
17,Joe Dumars\dumarjo01,25,DET,0.0,1.0,850,0.001,69,34.9,17.2,2.5,5.7,0.9,0.1,.505,.483,.850,7.0,.140
17,Isiah Thomas\thomais01,27,DET,0.0,1.0,850,0.001,80,36.6,18.2,3.4,8.3,1.7,0.3,.464,.273,.818,7.0,.115
1,Magic Johnson\johnsma02,30,LAL,27.0,636.0,920,0.691,79,37.2,22.3,6.6,11.5,1.7,0.4,.480,.384,.890,16.5,.270
2,Charles Barkley\barklch01,26,PHI,38.0,614.0,920,0.667,79,39.1,25.2,11.5,3.9,1.9,0.6,.600,.217,.749,17.3,.269
3,Michael Jordan\jordami01,26,CHI,21.0,564.0,920,0.613,82,39.0,33.6,6.9,6.3,2.8,0.7,.526,.376,.848,19.0,.285
4,Karl Malone\malonka01,26,UTA,2.0,214.0,920,0.233,82,38.1,31.0,11.1,2.8,1.5,0.6,.562,.372,.762,15.9,.245
5,Patrick Ewing\ewingpa01,27,NYK,1.0,162.0,920,0.176,82,38.6,28.6,10.9,2.2,1.0,4.0,.551,.250,.775,13.5,.205
6,David Robinson\robinda01,24,SAS,2.0,102.0,920,0.111,82,36.6,24.3,12.0,2.0,1.7,3.9,.531,.000,.732,15.1,.241
7,Hakeem Olajuwon\olajuha01,27,HOU,1.0,64.0,920,0.070,82,38.1,24.3,14.0,2.9,2.1,4.6,.501,.167,.713,11.2,.173
8,Tom Chambers\chambto01,30,PHO,0.0,12.0,920,0.013,81,37.6,27.2,7.0,2.3,1.1,0.6,.501,.279,.861,11.2,.176
9,John Stockton\stockjo01,27,UTA,0.0,9.0,920,0.010,78,37.4,17.2,2.6,14.5,2.7,0.2,.514,.416,.819,14.4,.238
10,Larry Bird\birdla01,33,BOS,0.0,5.0,920,0.005,75,39.3,24.3,9.5,7.5,1.4,0.8,.473,.333,.930,9.5,.154
10,Buck Williams\willibu01,29,POR,0.0,5.0,920,0.005,82,34.2,13.6,9.8,1.4,0.8,0.5,.548,.000,.706,8.7,.149
12,Clyde Drexler\drexlcl01,27,POR,0.0,3.0,920,0.003,73,36.8,23.3,6.9,5.9,2.0,0.7,.494,.283,.774,11.6,.208
13,Joe Dumars\dumarjo01,26,DET,0.0,1.0,920,0.001,75,34.4,17.8,2.8,4.9,0.8,0.0,.480,.400,.900,8.7,.162
13,Isiah Thomas\thomais01,28,DET,0.0,1.0,920,0.001,81,37.0,18.4,3.8,9.4,1.7,0.2,.438,.309,.775,6.7,.107
1,Michael Jordan\jordami01,27,CHI,77.0,891.0,960,0.928,82,37.0,31.5,6.0,5.5,2.7,1.0,.539,.312,.851,20.3,.321
2,Magic Johnson\johnsma02,31,LAL,10.0,497.0,960,0.518,79,37.1,19.4,7.0,12.5,1.3,0.2,.477,.320,.906,15.4,.251
3,David Robinson\robinda01,25,SAS,6.0,476.0,960,0.496,82,37.7,25.6,13.0,2.5,1.5,3.9,.552,.143,.762,17.0,.264
4,Charles Barkley\barklch01,27,PHI,2.0,222.0,960,0.231,67,37.3,27.6,10.1,4.2,1.6,0.5,.570,.284,.722,13.4,.258
5,Karl Malone\malonka01,27,UTA,0.0,142.0,960,0.148,82,40.3,29.0,11.8,3.3,1.1,1.0,.527,.286,.770,15.5,.225
6,Clyde Drexler\drexlcl01,28,POR,1.0,75.0,960,0.078,82,34.8,21.5,6.7,6.0,1.8,0.7,.482,.319,.794,12.4,.209
7,Kevin Johnson\johnske02,24,PHO,0.0,32.0,960,0.033,77,36.0,22.2,3.5,10.1,2.1,0.1,.516,.205,.843,12.7,.220
8,Dominique Wilkins\wilkido01,31,ATL,0.0,29.0,960,0.030,81,38.0,25.9,9.0,3.3,1.5,0.8,.470,.341,.829,11.4,.177
9,Larry Bird\birdla01,34,BOS,0.0,25.0,960,0.026,60,38.0,19.4,8.5,7.2,1.8,1.0,.454,.389,.891,6.6,.140
9,Terry Porter\portete01,27,POR,0.0,25.0,960,0.026,81,32.9,17.0,3.5,8.0,2.0,0.1,.515,.415,.823,13.0,.235
11,Patrick Ewing\ewingpa01,28,NYK,0.0,20.0,960,0.021,81,38.3,26.6,11.2,3.0,1.0,3.2,.514,.000,.745,10.0,.155
12,John Stockton\stockjo01,28,UTA,0.0,15.0,960,0.016,82,37.8,17.2,2.9,14.2,2.9,0.2,.507,.345,.836,14.0,.217
13,Isiah Thomas\thomais01,29,DET,0.0,11.0,960,0.011,48,34.5,16.2,3.3,9.3,1.6,0.2,.435,.292,.782,3.4,.098
14,Robert Parish\parisro01,37,BOS,0.0,10.0,960,0.010,81,30.1,14.9,10.6,0.8,0.8,1.3,.598,.000,.767,10.0,.198
15,Joe Dumars\dumarjo01,27,DET,0.0,8.0,960,0.008,80,38.1,20.4,2.3,5.5,1.1,0.1,.481,.311,.890,9.9,.155
16,Bernard King\kingbe01,34,WSB,0.0,7.0,960,0.007,64,37.5,28.4,5.0,4.6,0.9,0.3,.472,.216,.790,3.5,.070
17,Kenny Smith\smithke01,25,HOU,0.0,5.0,960,0.005,78,34.6,17.7,2.1,7.1,1.4,0.1,.520,.363,.844,9.0,.161
18,Hakeem Olajuwon\olajuha01,28,HOU,0.0,4.0,960,0.004,56,36.8,21.2,13.8,2.3,2.2,3.9,.508,.000,.769,8.6,.201
19,Tim Hardaway\hardati01,24,GSW,0.0,1.0,960,0.001,82,39.2,22.9,4.0,9.7,2.6,0.1,.476,.385,.803,9.9,.148
19,Kevin McHale\mchalke01,33,BOS,0.0,1.0,960,0.001,68,30.4,18.4,7.1,1.9,0.4,2.1,.553,.405,.829,7.9,.182
1,Michael Jordan\jordami01,28,CHI,80.0,900.0,960,0.938,80,38.8,30.1,6.4,6.1,2.3,0.9,.519,.270,.832,17.7,.274
2,Clyde Drexler\drexlcl01,29,POR,12.0,561.0,960,0.584,76,36.2,25.0,6.6,6.7,1.8,0.9,.470,.337,.794,12.8,.223
3,David Robinson\robinda01,26,SAS,2.0,337.0,960,0.351,68,37.7,23.2,12.2,2.7,2.3,4.5,.551,.125,.701,13.9,.260
4,Karl Malone\malonka01,28,UTA,1.0,262.0,960,0.273,81,37.7,28.0,11.2,3.0,1.3,0.6,.526,.176,.778,15.1,.237
5,Patrick Ewing\ewingpa01,29,NYK,0.0,100.0,960,0.104,82,38.4,24.0,11.2,1.9,1.1,3.0,.522,.167,.738,13.0,.198
6,Chris Mullin\mullich01,28,GSW,0.0,81.0,960,0.084,81,41.3,25.6,5.6,3.5,2.1,0.8,.524,.366,.833,10.8,.155
7,Mark Price\pricema01,27,CLE,0.0,66.0,960,0.069,72,29.7,17.3,2.4,7.4,1.3,0.2,.488,.387,.947,9.1,.205
8,Tim Hardaway\hardati01,25,GSW,0.0,64.0,960,0.067,81,41.1,23.4,3.8,10.0,2.0,0.2,.461,.338,.766,9.2,.132
9,Scottie Pippen\pippesc01,26,CHI,1.0,32.0,960,0.033,82,38.6,21.0,7.7,7.0,1.9,1.1,.506,.200,.760,12.7,.192
10,Dennis Rodman\rodmade01,30,DET,0.0,26.0,960,0.027,82,40.3,9.8,18.7,2.3,0.8,0.9,.539,.317,.600,12.6,.183
11,Brad Daugherty\daughbr01,26,CLE,0.0,24.0,960,0.025,73,36.2,21.5,10.4,3.6,0.9,1.1,.570,.000,.777,11.7,.213
12,Charles Barkley\barklch01,28,PHI,0.0,18.0,960,0.019,75,38.4,23.1,11.1,4.1,1.8,0.6,.552,.234,.695,12.3,.205
12,John Stockton\stockjo01,29,UTA,0.0,18.0,960,0.019,82,36.6,15.8,3.3,13.7,3.0,0.3,.482,.407,.842,13.4,.215
14,Larry Bird\birdla01,35,BOS,0.0,3.0,960,0.003,45,36.9,20.2,9.6,6.8,0.9,0.7,.466,.406,.926,5.5,.159
15,Kevin Johnson\johnske02,25,PHO,0.0,2.0,960,0.002,78,37.2,19.7,3.7,10.7,1.5,0.3,.479,.217,.807,10.0,.165
16,Danny Manning\mannida01,25,LAC,0.0,1.0,960,0.001,82,35.4,19.3,6.9,3.5,1.6,1.5,.542,.000,.725,9.8,.162
16,Detlef Schrempf\schrede01,29,IND,0.0,1.0,960,0.001,80,32.6,17.3,9.6,3.9,0.8,0.5,.536,.324,.828,9.8,.181
1,Charles Barkley\barklch01,29,PHO,59.0,835.0,980,0.852,76,37.6,25.6,12.2,5.1,1.6,1.0,.520,.305,.765,14.4,.242
2,Hakeem Olajuwon\olajuha01,30,HOU,22.0,647.0,980,0.660,82,39.5,26.1,13.0,3.5,1.8,4.2,.529,.000,.779,15.8,.234
3,Michael Jordan\jordami01,29,CHI,13.0,565.0,980,0.577,78,39.3,32.6,6.7,5.5,2.8,0.8,.495,.352,.837,17.2,.270
4,Patrick Ewing\ewingpa01,30,NYK,4.0,359.0,980,0.366,81,37.1,24.2,12.1,1.9,0.9,2.0,.503,.143,.719,10.6,.170
5,Dominique Wilkins\wilkido01,33,ATL,0.0,54.0,980,0.055,71,37.3,29.9,6.8,3.2,1.0,0.4,.468,.380,.828,10.5,.191
6,David Robinson\robinda01,27,SAS,0.0,33.0,980,0.034,82,39.2,23.4,11.7,3.7,1.5,3.2,.501,.176,.732,13.2,.197
7,Shaquille O'Neal\onealsh01,20,ORL,0.0,30.0,980,0.031,81,37.9,23.4,13.9,1.9,0.7,3.5,.562,.000,.592,10.4,.163
8,Karl Malone\malonka01,29,UTA,0.0,10.0,980,0.010,82,37.8,27.0,11.2,3.8,1.5,1.0,.552,.200,.740,15.4,.238
8,Mark Price\pricema01,28,CLE,0.0,10.0,980,0.010,75,31.7,18.2,2.7,8.0,1.2,0.1,.484,.416,.948,9.8,.197
10,Brad Daugherty\daughbr01,27,CLE,0.0,1.0,980,0.001,71,37.9,20.2,10.2,4.4,0.7,0.8,.571,.500,.795,12.7,.226
10,Clyde Drexler\drexlcl01,30,POR,0.0,1.0,980,0.001,49,34.1,19.9,6.3,5.7,1.9,0.8,.429,.233,.839,6.0,.171
10,Joe Dumars\dumarjo01,29,DET,0.0,1.0,980,0.001,77,40.2,23.5,1.9,4.0,1.0,0.1,.466,.375,.864,9.1,.141
10,Shawn Kemp\kempsh01,23,SEA,0.0,1.0,980,0.001,78,33.1,17.8,10.7,2.0,1.5,1.9,.492,.000,.712,9.1,.169
10,John Stockton\stockjo01,30,UTA,0.0,1.0,980,0.001,82,34.9,15.1,2.9,12.0,2.4,0.3,.486,.385,.798,10.6,.177
1,Hakeem Olajuwon\olajuha01,31,HOU,66.0,889.0,1010,0.880,80,41.0,27.3,11.9,3.6,1.6,3.7,.528,.421,.716,14.3,.210
2,David Robinson\robinda01,28,SAS,24.0,730.0,1010,0.723,80,40.5,29.8,10.7,4.8,1.7,3.3,.507,.345,.749,20.0,.296
3,Scottie Pippen\pippesc01,28,CHI,7.0,390.0,1010,0.386,72,38.3,22.0,8.7,5.6,2.9,0.8,.491,.320,.660,11.2,.194
4,Shaquille O'Neal\onealsh01,21,ORL,3.0,289.0,1010,0.286,81,39.8,29.3,13.2,2.4,0.9,2.9,.599,.000,.554,16.9,.252
5,Patrick Ewing\ewingpa01,31,NYK,1.0,255.0,1010,0.252,79,37.6,24.5,11.2,2.3,1.1,2.7,.496,.286,.765,13.1,.211
6,Gary Payton\paytoga01,25,SEA,0.0,20.0,1010,0.020,82,35.1,16.5,3.3,6.0,2.3,0.2,.504,.278,.595,9.3,.155
7,Shawn Kemp\kempsh01,24,SEA,0.0,17.0,1010,0.017,79,32.9,18.1,10.8,2.6,1.8,2.1,.538,.250,.741,11.7,.216
7,Karl Malone\malonka01,30,UTA,0.0,17.0,1010,0.017,82,40.6,25.2,11.5,4.0,1.5,1.5,.497,.250,.694,13.4,.193
9,Mark Price\pricema01,29,CLE,0.0,7.0,1010,0.007,76,31.4,17.3,3.0,7.8,1.4,0.1,.478,.397,.888,10.0,.201
10,Charles Barkley\barklch01,30,PHO,0.0,5.0,1010,0.005,65,35.4,21.6,11.2,4.6,1.6,0.6,.495,.270,.704,8.8,.185
11,Mookie Blaylock\blaylmo01,26,ATL,0.0,1.0,1010,0.001,81,36.0,13.8,5.2,9.7,2.6,0.5,.411,.334,.730,10.2,.168
11,Kevin Johnson\johnske02,27,PHO,0.0,1.0,1010,0.001,67,36.6,20.0,2.5,9.5,1.9,0.1,.487,.222,.819,8.7,.170
11,Dennis Rodman\rodmade01,32,SAS,0.0,1.0,1010,0.001,79,37.8,4.7,17.3,2.3,0.7,0.4,.534,.208,.520,8.7,.140
11,Latrell Sprewell\sprewla01,23,GSW,0.0,1.0,1010,0.001,82,43.1,21.0,4.9,4.7,2.2,0.9,.433,.361,.774,8.0,.108
11,John Stockton\stockjo01,31,UTA,0.0,1.0,1010,0.001,82,36.2,15.1,3.1,12.6,2.4,0.3,.528,.322,.805,13.2,.214
11,Dominique Wilkins\wilkido01,34,TOT,0.0,1.0,1010,0.001,74,35.6,26.0,6.5,2.3,1.2,0.4,.440,.288,.847,8.4,.153
11,Kevin Willis\willike02,31,ATL,0.0,1.0,1010,0.001,80,35.8,19.1,12.0,1.9,1.0,0.5,.499,.375,.713,10.2,.170
1,David Robinson\robinda01,29,SAS,73.0,901.0,1050,0.858,81,38.0,27.6,10.8,2.9,1.7,3.2,.530,.300,.774,17.5,.273
2,Shaquille O'Neal\onealsh01,22,ORL,12.0,605.0,1050,0.576,79,37.0,29.3,11.4,2.7,0.9,2.4,.583,.000,.533,14.0,.230
3,Karl Malone\malonka01,31,UTA,14.0,532.0,1050,0.507,82,38.1,26.7,10.6,3.5,1.6,1.0,.536,.268,.742,13.8,.212
4,Patrick Ewing\ewingpa01,32,NYK,2.0,230.0,1050,0.219,79,37.0,23.9,11.0,2.7,0.9,2.0,.503,.286,.750,9.6,.157
5,Hakeem Olajuwon\olajuha01,32,HOU,1.0,147.0,1050,0.140,72,39.6,27.8,10.8,3.5,1.8,3.4,.517,.188,.756,10.7,.181
6,Charles Barkley\barklch01,31,PHO,1.0,96.0,1050,0.091,68,35.0,23.0,11.1,4.1,1.6,0.7,.486,.338,.748,10.6,.214
7,Scottie Pippen\pippesc01,29,CHI,1.0,83.0,1050,0.079,79,38.2,21.4,8.1,5.2,2.9,1.1,.480,.345,.716,11.8,.188
8,John Stockton\stockjo01,32,UTA,1.0,47.0,1050,0.045,82,35.0,14.7,3.1,12.3,2.4,0.3,.542,.449,.804,13.9,.233
9,Gary Payton\paytoga01,26,SEA,0.0,34.0,1050,0.032,82,36.8,20.6,3.4,7.1,2.5,0.2,.509,.302,.716,11.7,.187
10,Anfernee Hardaway\hardaan01,23,ORL,0.0,23.0,1050,0.022,77,37.7,20.9,4.4,7.2,1.7,0.3,.512,.349,.769,10.7,.177
11,Michael Jordan\jordami01,31,CHI,0.0,12.0,1050,0.011,17,39.3,26.9,6.9,5.3,1.8,0.8,.411,.500,.801,2.3,.167
12,Dennis Rodman\rodmade01,33,SAS,0.0,9.0,1050,0.009,49,32.0,7.1,16.8,2.0,0.6,0.5,.571,.000,.676,5.8,.178
13,Jason Kidd\kiddja01,21,DAL,0.0,7.0,1050,0.007,79,33.8,11.7,5.4,7.7,1.9,0.3,.385,.272,.698,3.7,.066
14,Clyde Drexler\drexlcl01,32,TOT,0.0,3.0,1050,0.003,76,35.9,21.8,6.3,4.8,1.8,0.6,.461,.360,.824,11.7,.206
15,Cedric Ceballos\cebalce01,25,LAL,0.0,1.0,1050,0.001,58,35.0,21.7,8.0,1.8,1.0,0.3,.509,.397,.716,5.2,.123
1,Michael Jordan\jordami01,32,CHI,109.0,1114.0,1130,0.986,82,37.7,30.4,6.6,4.3,2.2,0.5,.495,.427,.834,20.4,.317
2,David Robinson\robinda01,30,SAS,0.0,574.0,1130,0.508,82,36.8,25.0,12.2,3.0,1.4,3.3,.516,.333,.761,18.3,.290
3,Anfernee Hardaway\hardaan01,24,ORL,2.0,360.0,1130,0.319,82,36.8,21.7,4.3,7.1,2.0,0.5,.513,.314,.767,14.4,.229
4,Hakeem Olajuwon\olajuha01,33,HOU,1.0,238.0,1130,0.211,72,38.8,26.9,10.9,3.6,1.6,2.9,.514,.214,.724,9.7,.166
5,Scottie Pippen\pippesc01,30,CHI,0.0,226.0,1130,0.200,77,36.7,19.4,6.4,5.9,1.7,0.7,.463,.374,.679,12.3,.209
6,Gary Payton\paytoga01,27,SEA,0.0,98.0,1130,0.087,81,39.0,19.3,4.2,7.5,2.9,0.2,.484,.328,.748,11.5,.174
7,Karl Malone\malonka01,32,UTA,1.0,85.0,1130,0.075,82,38.0,25.7,9.8,4.2,1.7,0.7,.519,.400,.723,15.1,.233
8,Shawn Kemp\kempsh01,26,SEA,0.0,73.0,1130,0.065,79,33.3,19.6,11.4,2.2,1.2,1.6,.561,.417,.742,11.2,.205
9,Grant Hill\hillgr01,23,DET,0.0,63.0,1130,0.056,80,40.8,20.2,9.8,6.9,1.3,0.6,.462,.192,.751,11.7,.172
9,Shaquille O'Neal\onealsh01,23,ORL,0.0,63.0,1130,0.056,54,36.0,26.6,11.0,2.9,0.6,2.1,.573,.500,.487,6.9,.171
11,John Stockton\stockjo01,33,UTA,0.0,12.0,1130,0.011,82,35.5,14.7,2.8,11.2,1.7,0.2,.538,.422,.830,13.0,.214
12,Charles Barkley\barklch01,32,PHO,0.0,8.0,1130,0.007,71,37.1,23.2,11.6,3.7,1.6,0.8,.500,.280,.777,10.5,.191
12,Magic Johnson\johnsma02,36,LAL,0.0,8.0,1130,0.007,32,29.9,14.6,5.7,6.9,0.8,0.4,.466,.379,.856,3.6,.181
14,Alonzo Mourning\mournal01,25,MIA,0.0,6.0,1130,0.005,70,38.2,23.2,10.4,2.3,1.0,2.7,.523,.300,.685,9.9,.178
15,Dennis Rodman\rodmade01,34,CHI,0.0,4.0,1130,0.004,64,32.6,5.5,14.9,2.5,0.6,0.4,.480,.111,.528,6.2,.143
16,Terrell Brandon\brandte01,25,CLE,0.0,3.0,1130,0.003,75,34.3,19.3,3.3,6.5,1.8,0.4,.465,.387,.887,12.7,.237
16,Mitch Richmond\richmmi01,30,SAC,0.0,3.0,1130,0.003,81,36.4,23.1,3.3,3.1,1.5,0.2,.447,.437,.866,9.3,.151
1,Karl Malone\malonka01,33,UTA,63.0,986.0,1150,0.857,82,36.6,27.4,9.9,4.5,1.4,0.6,.550,.000,.755,16.7,.268
2,Michael Jordan\jordami01,33,CHI,52.0,957.0,1150,0.832,82,37.9,29.6,5.9,4.3,1.7,0.5,.486,.374,.833,18.3,.283
3,Grant Hill\hillgr01,24,DET,0.0,376.0,1150,0.327,80,39.3,21.4,9.0,7.3,1.8,0.6,.496,.303,.711,14.6,.223
4,Tim Hardaway\hardati01,30,MIA,0.0,238.0,1150,0.207,81,38.7,20.3,3.4,8.6,1.9,0.1,.415,.344,.799,12.9,.198
5,Glen Rice\ricegl01,29,CHH,0.0,134.0,1150,0.117,79,42.6,26.8,4.0,2.0,0.9,0.3,.477,.470,.867,10.8,.154
6,Gary Payton\paytoga01,28,SEA,0.0,105.0,1150,0.091,82,39.2,21.8,4.6,7.1,2.4,0.2,.476,.313,.715,12.9,.193
7,Hakeem Olajuwon\olajuha01,34,HOU,0.0,95.0,1150,0.083,78,36.6,23.2,9.2,3.0,1.5,2.2,.510,.313,.787,9.1,.154
8,Patrick Ewing\ewingpa01,34,NYK,0.0,57.0,1150,0.050,78,37.0,22.4,10.7,2.0,0.9,2.4,.488,.222,.754,9.8,.163
9,Anthony Mason\masonan01,30,CHH,0.0,7.0,1150,0.006,73,43.1,16.2,11.4,5.7,1.0,0.5,.525,.333,.745,11.4,.173
9,Shaquille O'Neal\onealsh01,24,LAL,0.0,7.0,1150,0.006,51,38.1,26.2,12.5,3.1,0.9,2.9,.557,.000,.484,8.0,.197
11,Scottie Pippen\pippesc01,31,CHI,0.0,6.0,1150,0.005,82,37.7,20.2,6.5,5.7,1.9,0.5,.474,.368,.701,13.1,.203
12,Alonzo Mourning\mournal01,26,MIA,0.0,5.0,1150,0.004,66,35.2,19.8,9.9,1.6,0.8,2.9,.534,.111,.642,8.4,.174
13,Dikembe Mutombo\mutomdi01,30,ATL,0.0,4.0,1150,0.003,80,37.2,13.3,11.6,1.4,0.6,3.3,.527,,.705,11.3,.183
13,Mitch Richmond\richmmi01,31,SAC,0.0,4.0,1150,0.003,81,38.6,25.9,3.9,4.2,1.5,0.3,.454,.428,.861,10.8,.166
15,John Stockton\stockjo01,34,UTA,0.0,3.0,1150,0.003,82,35.3,14.4,2.8,10.5,2.0,0.2,.548,.422,.846,13.6,.226
16,Charles Barkley\barklch01,33,HOU,0.0,2.0,1150,0.002,53,37.9,19.2,13.5,4.7,1.3,0.5,.484,.283,.694,9.4,.224
17,Tom Gugliotta\guglito01,27,MIN,0.0,1.0,1150,0.001,81,38.7,20.6,8.7,4.1,1.6,1.1,.442,.258,.820,6.7,.103
17,Allen Iverson\iversal01,21,PHI,0.0,1.0,1150,0.001,76,40.1,23.5,4.1,7.5,2.1,0.3,.416,.341,.702,4.1,.065
17,Kevin Johnson\johnske02,30,PHO,0.0,1.0,1150,0.001,70,38.0,20.1,3.6,9.3,1.5,0.2,.496,.441,.852,11.7,.211
17,Steve Smith\smithst01,27,ATL,0.0,1.0,1150,0.001,72,39.1,20.1,3.3,4.2,0.9,0.3,.429,.335,.847,9.1,.154
1,Michael Jordan\jordami01,34,CHI,92.0,1084.0,1160,0.934,82,38.8,28.7,5.8,3.5,1.7,0.5,.465,.238,.784,15.8,.238
2,Karl Malone\malonka01,34,UTA,20.0,842.0,1160,0.726,81,37.4,27.0,10.3,3.9,1.2,0.9,.530,.333,.761,16.4,.259
3,Gary Payton\paytoga01,29,SEA,3.0,431.0,1160,0.372,82,38.4,19.2,4.6,8.3,2.3,0.2,.453,.338,.744,12.5,.190
4,Shaquille O'Neal\onealsh01,25,LAL,1.0,311.0,1160,0.268,60,36.3,28.3,11.4,2.4,0.7,2.4,.584,,.527,10.2,.224
5,Tim Duncan\duncati01,21,SAS,0.0,148.0,1160,0.128,82,39.1,21.1,11.9,2.7,0.7,2.5,.549,.000,.662,12.8,.192
6,Tim Hardaway\hardati01,31,MIA,0.0,71.0,1160,0.061,81,37.4,18.9,3.7,8.3,1.7,0.2,.431,.351,.781,11.7,.185
7,David Robinson\robinda01,32,SAS,0.0,36.0,1160,0.031,73,33.7,21.6,10.6,2.7,0.9,2.6,.511,.250,.735,13.8,.269
8,Vin Baker\bakervi01,26,SEA,0.0,24.0,1160,0.021,82,35.9,19.2,8.0,1.9,1.1,1.0,.542,.143,.591,10.4,.169
9,Grant Hill\hillgr01,25,DET,0.0,23.0,1160,0.020,81,40.7,21.1,7.7,6.8,1.8,0.7,.452,.143,.740,10.2,.149
10,Scottie Pippen\pippesc01,32,CHI,0.0,14.0,1160,0.012,44,37.5,19.1,5.2,5.8,1.8,1.0,.447,.318,.777,6.6,.193
11,Glen Rice\ricegl01,30,CHH,0.0,7.0,1160,0.006,82,40.2,22.3,4.3,2.2,0.9,0.3,.457,.433,.849,9.3,.136
12,Antoine Walker\walkean02,21,BOS,0.0,6.0,1160,0.005,82,39.9,22.4,10.2,3.3,1.7,0.7,.423,.312,.645,4.7,.070
13,Jason Kidd\kiddja01,24,PHO,0.0,5.0,1160,0.004,82,38.0,11.6,6.2,9.1,2.0,0.3,.416,.313,.799,8.0,.123
13,John Stockton\stockjo01,35,UTA,0.0,5.0,1160,0.004,64,29.0,12.0,2.6,8.5,1.4,0.2,.528,.429,.827,8.0,.206
15,Mitch Richmond\richmmi01,32,SAC,0.0,3.0,1160,0.003,70,36.7,23.2,3.3,4.0,1.3,0.2,.445,.389,.864,7.9,.148
16,Reggie Miller\millere01,32,IND,0.0,2.0,1160,0.002,81,34.5,19.5,2.9,2.1,1.0,0.1,.477,.429,.868,12.0,.206
16,Rik Smits\smitsri01,31,IND,0.0,2.0,1160,0.002,73,28.6,16.7,6.9,1.4,0.5,1.2,.495,.000,.783,6.1,.141
18,Michael Finley\finlemi01,24,DAL,0.0,1.0,1160,0.001,82,41.4,21.5,5.3,4.9,1.6,0.4,.449,.357,.784,7.5,.106
18,Rod Strickland\stricro02,31,WAS,0.0,1.0,1160,0.001,76,39.7,17.8,5.3,10.5,1.7,0.3,.434,.250,.726,8.1,.129
1,Karl Malone\malonka01,35,UTA,44.0,827.0,1180,0.701,49,37.4,23.8,9.4,4.1,1.3,0.6,.493,.000,.788,9.6,.252
2,Alonzo Mourning\mournal01,28,MIA,36.0,773.0,1180,0.655,46,38.1,20.1,11.0,1.6,0.7,3.9,.511,.000,.652,7.9,.216
3,Tim Duncan\duncati01,22,SAS,30.0,740.0,1180,0.627,50,39.3,21.7,11.4,2.4,0.9,2.5,.495,.143,.690,8.7,.213
4,Allen Iverson\iversal01,23,PHI,5.0,319.0,1180,0.270,48,41.5,26.8,4.9,4.6,2.3,0.1,.412,.291,.751,7.2,.173
5,Jason Kidd\kiddja01,25,PHO,2.0,159.0,1180,0.135,50,41.2,16.9,6.8,10.8,2.3,0.4,.444,.366,.757,8.1,.188
6,Shaquille O'Neal\onealsh01,26,LAL,1.0,89.0,1180,0.075,49,34.8,26.3,10.7,2.3,0.7,1.7,.576,.000,.540,9.0,.255
7,Chris Webber\webbech01,25,SAC,0.0,51.0,1180,0.043,42,40.9,20.0,13.0,4.1,1.4,2.1,.486,.118,.454,3.6,.102
8,Grant Hill\hillgr01,26,DET,0.0,39.0,1180,0.033,50,37.0,21.1,7.1,6.0,1.6,0.5,.479,.000,.752,7.3,.189
9,Gary Payton\paytoga01,30,SEA,0.0,35.0,1180,0.030,50,40.2,21.7,4.9,8.7,2.2,0.2,.434,.295,.721,7.2,.172
10,Kevin Garnett\garneke01,22,MIN,0.0,9.0,1180,0.008,47,37.9,20.8,10.4,4.3,1.7,1.8,.460,.286,.704,5.4,.146
11,Shawn Kemp\kempsh01,29,CLE,0.0,7.0,1180,0.006,42,35.1,20.5,9.2,2.4,1.1,1.1,.482,.500,.789,6.3,.205
12,David Robinson\robinda01,33,SAS,0.0,6.0,1180,0.005,49,31.7,15.8,10.0,2.1,1.4,2.4,.509,.000,.658,8.4,.261
13,Hakeem Olajuwon\olajuha01,36,HOU,0.0,3.0,1180,0.003,50,35.7,18.9,9.6,1.8,1.6,2.5,.514,.308,.717,6.5,.175
13,Arvydas Sabonis\sabonar01,34,POR,0.0,3.0,1180,0.003,50,27.0,12.1,7.9,2.4,0.7,1.3,.485,.292,.771,5.8,.207
15,Darrell Armstrong\armstda01,30,ORL,0.0,2.0,1180,0.002,50,30.0,13.8,3.6,6.7,2.2,0.1,.441,.365,.904,6.4,.205
16,Vince Carter\cartevi01,22,TOR,0.0,1.0,1180,0.001,50,35.2,18.3,5.7,3.0,1.1,1.5,.450,.288,.761,5.0,.136
16,Anfernee Hardaway\hardaan01,27,ORL,0.0,1.0,1180,0.001,50,38.9,15.8,5.7,5.3,2.2,0.5,.420,.286,.706,5.0,.122
16,Mark Jackson\jacksma01,33,IND,0.0,1.0,1180,0.001,49,28.2,7.6,3.8,7.9,0.9,0.1,.419,.311,.823,3.8,.134
16,Glenn Robinson\robingl01,26,MIL,0.0,1.0,1180,0.001,47,33.6,18.4,5.9,2.1,1.0,0.9,.459,.392,.870,4.0,.122
16,Steve Smith\smithst01,29,ATL,0.0,1.0,1180,0.001,36,36.5,18.7,4.2,3.3,1.0,0.3,.402,.338,.849,4.4,.162
16,Rasheed Wallace\wallara01,24,POR,0.0,1.0,1180,0.001,49,28.9,12.8,4.9,1.2,1.0,1.1,.508,.419,.732,5.0,.169
1,Shaquille O'Neal\onealsh01,27,LAL,120.0,1207.0,1210,0.998,79,40.0,29.7,13.6,3.8,0.5,3.0,.574,.000,.524,18.6,.283
2,Kevin Garnett\garneke01,23,MIN,0.0,408.0,1210,0.337,81,40.0,22.9,11.8,5.0,1.5,1.6,.497,.370,.765,11.6,.172
3,Alonzo Mourning\mournal01,29,MIA,0.0,367.0,1210,0.303,79,34.8,21.7,9.5,1.6,0.5,3.7,.551,.000,.711,12.9,.226
4,Karl Malone\malonka01,36,UTA,0.0,312.0,1210,0.258,82,35.9,25.5,9.5,3.7,1.0,0.9,.509,.250,.797,15.3,.249
5,Tim Duncan\duncati01,23,SAS,0.0,248.0,1210,0.205,74,38.9,23.2,12.4,3.2,0.9,2.2,.490,.091,.761,13.0,.218
6,Gary Payton\paytoga01,31,SEA,0.0,180.0,1210,0.149,82,41.8,24.2,6.5,8.9,1.9,0.2,.448,.340,.735,13.9,.195
7,Allen Iverson\iversal01,24,PHI,1.0,132.0,1210,0.109,70,40.8,28.4,3.8,4.7,2.1,0.1,.421,.341,.713,6.9,.116
8,Grant Hill\hillgr01,27,DET,0.0,113.0,1210,0.093,74,37.5,25.8,6.6,5.2,1.4,0.6,.489,.347,.795,10.7,.185
9,Chris Webber\webbech01,26,SAC,0.0,96.0,1210,0.079,75,38.4,24.5,10.5,4.6,1.6,1.7,.483,.284,.751,10.7,.179
10,Vince Carter\cartevi01,23,TOR,0.0,51.0,1210,0.042,82,38.1,25.7,5.8,3.9,1.3,1.1,.465,.403,.791,11.8,.182
11,Jason Kidd\kiddja01,26,PHO,0.0,25.0,1210,0.021,67,39.0,14.3,7.2,10.1,2.0,0.4,.409,.337,.829,8.5,.156
12,Kobe Bryant\bryanko01,21,LAL,0.0,3.0,1210,0.002,66,38.2,22.5,6.3,4.9,1.6,0.9,.468,.319,.821,10.6,.202
13,Darrell Armstrong\armstda01,31,ORL,0.0,1.0,1210,0.001,82,31.6,16.2,3.3,6.1,2.1,0.1,.433,.340,.911,8.0,.149
13,Michael Finley\finlemi01,26,DAL,0.0,1.0,1210,0.001,82,42.2,22.6,6.3,5.3,1.3,0.4,.457,.401,.820,8.3,.114
13,Reggie Miller\millere01,34,IND,0.0,1.0,1210,0.001,81,36.9,18.1,3.0,2.3,1.0,0.3,.448,.408,.919,10.1,.162
13,Jalen Rose\roseja01,27,IND,0.0,1.0,1210,0.001,80,37.2,18.2,4.8,4.0,1.1,0.6,.471,.393,.827,7.3,.118
1,Allen Iverson\iversal01,25,PHI,93.0,1121.0,1240,0.904,71,42.0,31.1,3.8,4.6,2.5,0.3,.420,.320,.814,11.8,.190
2,Tim Duncan\duncati01,24,SAS,18.0,706.0,1240,0.569,82,38.7,22.2,12.2,3.0,0.9,2.3,.499,.259,.618,13.2,.200
3,Shaquille O'Neal\onealsh01,28,LAL,7.0,578.0,1240,0.466,74,39.5,28.7,12.7,3.7,0.6,2.8,.572,.000,.513,14.9,.245
4,Chris Webber\webbech01,27,SAC,5.0,521.0,1240,0.420,70,40.5,27.1,11.1,4.2,1.3,1.7,.481,.071,.703,11.0,.186
5,Kevin Garnett\garneke01,24,MIN,1.0,151.0,1240,0.122,81,39.5,22.0,11.4,5.0,1.4,1.8,.477,.288,.764,11.8,.176
6,Tracy McGrady\mcgratr01,21,ORL,0.0,64.0,1240,0.052,77,40.1,26.8,7.5,4.6,1.5,1.5,.457,.355,.733,12.2,.189
7,Karl Malone\malonka01,37,UTA,0.0,21.0,1240,0.017,81,35.7,23.2,8.3,4.5,1.1,0.8,.498,.400,.793,13.1,.217
8,Jason Kidd\kiddja01,27,PHO,0.0,18.0,1240,0.015,77,39.8,16.9,6.4,9.8,2.2,0.3,.411,.297,.814,9.6,.150
9,Kobe Bryant\bryanko01,22,LAL,0.0,11.0,1240,0.009,68,40.9,28.5,5.9,5.0,1.7,0.6,.464,.305,.853,11.3,.196
10,David Robinson\robinda01,35,SAS,0.0,8.0,1240,0.006,80,29.6,14.4,8.6,1.5,1.0,2.5,.486,.000,.747,12.1,.246
11,Ray Allen\allenra02,25,MIL,0.0,7.0,1240,0.006,82,38.2,22.0,5.2,4.6,1.5,0.2,.480,.433,.888,13.7,.211
11,Vince Carter\cartevi01,24,TOR,0.0,7.0,1240,0.006,75,39.7,27.6,5.5,3.9,1.5,1.1,.460,.408,.765,12.9,.208
13,Paul Pierce\piercpa01,23,BOS,0.0,5.0,1240,0.004,82,38.0,25.3,6.4,3.1,1.7,0.8,.454,.383,.745,10.4,.160
14,Jerry Stackhouse\stackje01,26,DET,0.0,3.0,1240,0.002,80,40.2,29.8,3.9,5.1,1.2,0.7,.402,.351,.822,9.2,.137
15,Michael Finley\finlemi01,27,DAL,0.0,1.0,1240,0.001,82,42.0,21.5,5.2,4.4,1.4,0.4,.458,.346,.775,8.5,.119
15,Anthony Mason\masonan01,34,MIA,0.0,1.0,1240,0.001,80,40.7,16.1,9.6,3.1,1.0,0.3,.482,,.781,11.6,.171
15,John Stockton\stockjo01,38,UTA,0.0,1.0,1240,0.001,82,29.2,11.5,2.8,8.7,1.6,0.3,.504,.462,.817,10.8,.216
1,Tim Duncan\duncati01,25,SAS,57.0,954.0,1260,0.757,82,40.6,25.5,12.7,3.7,0.7,2.5,.508,.100,.799,17.8,.257
2,Jason Kidd\kiddja01,28,NJN,45.0,897.0,1260,0.712,82,37.3,14.7,7.3,9.9,2.1,0.2,.391,.321,.814,8.9,.140
3,Shaquille O'Neal\onealsh01,29,LAL,15.0,696.0,1260,0.552,67,36.1,27.2,10.7,3.0,0.6,2.0,.579,.000,.555,13.2,.262
4,Tracy McGrady\mcgratr01,22,ORL,7.0,390.0,1260,0.310,76,38.3,25.6,7.9,5.3,1.6,1.0,.451,.364,.748,11.5,.189
5,Kobe Bryant\bryanko01,23,LAL,1.0,98.0,1260,0.078,80,38.3,25.2,5.5,5.5,1.5,0.4,.469,.250,.829,12.7,.199
6,Gary Payton\paytoga01,33,SEA,1.0,54.0,1260,0.043,82,40.3,22.1,4.8,9.0,1.6,0.3,.467,.314,.797,12.6,.183
7,Chris Webber\webbech01,28,SAC,0.0,37.0,1260,0.029,54,38.4,24.5,10.1,4.8,1.7,1.4,.495,.263,.749,8.6,.200
8,Dirk Nowitzki\nowitdi01,23,DAL,0.0,31.0,1260,0.025,76,38.0,23.4,9.9,2.4,1.1,1.0,.477,.397,.853,13.4,.222
9,Allen Iverson\iversal01,26,PHI,0.0,29.0,1260,0.023,60,43.7,31.4,4.5,5.5,2.8,0.2,.398,.291,.812,6.9,.126
10,Ben Wallace\wallabe01,27,DET,0.0,24.0,1260,0.019,80,36.5,7.6,13.0,1.4,1.7,3.5,.531,.000,.423,11.6,.190
11,Paul Pierce\piercpa01,24,BOS,0.0,22.0,1260,0.017,82,40.3,26.1,6.9,3.2,1.9,1.0,.442,.404,.809,12.9,.187
12,Kevin Garnett\garneke01,25,MIN,0.0,17.0,1260,0.013,81,39.2,21.2,12.1,5.2,1.2,1.6,.470,.319,.801,12.8,.194
13,Michael Jordan\jordami01,38,WAS,0.0,16.0,1260,0.013,60,34.9,22.9,5.7,5.2,1.4,0.4,.416,.189,.790,3.3,.075
14,Steve Nash\nashst01,27,DAL,0.0,5.0,1260,0.004,82,34.6,17.9,3.1,7.7,0.6,0.0,.483,.455,.887,9.9,.167
15,Jerry Stackhouse\stackje01,27,DET,0.0,3.0,1260,0.002,76,35.3,21.4,4.1,5.3,1.0,0.5,.397,.287,.858,5.8,.104
16,Mike Bibby\bibbymi01,23,SAC,0.0,1.0,1260,0.001,80,33.2,13.7,2.8,5.0,1.1,0.2,.453,.370,.803,6.3,.113
16,Elton Brand\brandel01,22,LAC,0.0,1.0,1260,0.001,80,37.8,18.2,11.6,2.4,1.0,2.0,.527,,.742,13.6,.216
16,Peja Stojaković\stojape01,24,SAC,0.0,1.0,1260,0.001,71,37.3,21.2,5.3,2.5,1.1,0.2,.484,.416,.876,9.9,.179
1,Tim Duncan\duncati01,26,SAS,60.0,962.0,1190,0.808,81,39.3,23.3,12.9,3.9,0.7,2.9,.513,.273,.710,16.5,.248
2,Kevin Garnett\garneke01,26,MIN,43.0,871.0,1190,0.732,82,40.5,23.0,13.4,6.0,1.4,1.6,.502,.282,.751,15.6,.225
3,Kobe Bryant\bryanko01,24,LAL,8.0,496.0,1190,0.417,82,41.5,30.0,6.9,5.9,2.2,0.8,.451,.383,.843,14.9,.210
4,Tracy McGrady\mcgratr01,23,ORL,4.0,427.0,1190,0.359,75,39.4,32.1,6.5,5.5,1.7,0.8,.457,.386,.793,16.1,.262
5,Shaquille O'Neal\onealsh01,30,LAL,3.0,126.0,1190,0.106,67,37.8,27.5,11.1,3.1,0.6,2.4,.574,,.622,13.2,.250
6,Allen Iverson\iversal01,27,PHI,0.0,83.0,1190,0.070,82,42.5,27.6,4.2,5.5,2.7,0.2,.414,.277,.774,9.2,.127
7,Dirk Nowitzki\nowitdi01,24,DAL,0.0,43.0,1190,0.036,80,39.0,25.1,9.9,3.0,1.4,1.0,.463,.379,.881,16.1,.249
8,Ben Wallace\wallabe01,28,DET,1.0,33.0,1190,0.028,73,39.4,6.9,15.4,1.6,1.4,3.2,.481,.167,.450,10.6,.176
9,Jason Kidd\kiddja01,29,NJN,0.0,31.0,1190,0.026,80,37.4,18.7,6.3,8.9,2.2,0.3,.414,.341,.841,11.3,.182
10,Chris Webber\webbech01,29,SAC,0.0,19.0,1190,0.016,67,39.1,23.0,10.5,5.4,1.6,1.3,.461,.238,.607,6.9,.127
11,Jamal Mashburn\mashbja01,30,NOH,0.0,1.0,1190,0.001,82,40.5,21.6,6.1,5.6,1.0,0.2,.422,.389,.848,9.0,.130
11,Steve Nash\nashst01,28,DAL,0.0,1.0,1190,0.001,82,33.1,17.7,2.9,7.3,1.0,0.1,.465,.413,.909,11.6,.206
11,Paul Pierce\piercpa01,25,BOS,0.0,1.0,1190,0.001,79,39.2,25.9,7.3,4.4,1.8,0.8,.416,.302,.802,10.1,.157
1,Kevin Garnett\garneke01,27,MIN,120.0,1219.0,1230,0.991,82,39.4,24.2,13.9,5.0,1.5,2.2,.499,.256,.791,18.3,.272
2,Tim Duncan\duncati01,27,SAS,0.0,716.0,1230,0.582,69,36.6,22.3,12.4,3.1,0.9,2.7,.501,.167,.599,13.1,.249
3,Jermaine O'Neal\onealje01,25,IND,2.0,523.0,1230,0.425,78,35.7,20.1,10.0,2.1,0.8,2.6,.434,.111,.757,9.0,.155
4,Peja Stojaković\stojape01,26,SAC,1.0,281.0,1230,0.228,81,40.3,24.2,6.3,2.1,1.3,0.2,.480,.433,.927,13.5,.198
5,Kobe Bryant\bryanko01,25,LAL,0.0,212.0,1230,0.172,65,37.6,24.0,5.5,5.1,1.7,0.4,.438,.327,.852,10.7,.210
6,Shaquille O'Neal\onealsh01,31,LAL,0.0,178.0,1230,0.145,67,36.8,21.5,11.5,2.9,0.5,2.5,.584,,.490,9.9,.192
7,Ben Wallace\wallabe01,29,DET,0.0,24.0,1230,0.020,81,37.7,9.5,12.4,1.7,1.8,3.0,.421,.125,.490,10.2,.160
8,Jason Kidd\kiddja01,30,NJN,0.0,17.0,1230,0.014,67,36.6,15.5,6.4,9.2,1.8,0.2,.384,.321,.827,7.2,.141
9,LeBron James\jamesle01,19,CLE,0.0,11.0,1230,0.009,79,39.5,20.9,5.5,5.9,1.6,0.7,.417,.290,.754,5.1,.078
10,Sam Cassell\cassesa01,34,MIN,0.0,4.0,1230,0.003,81,35.0,19.8,3.3,7.3,1.3,0.2,.488,.398,.873,12.1,.205
10,Baron Davis\davisba01,24,NOH,0.0,4.0,1230,0.003,67,40.1,22.9,4.3,7.5,2.4,0.4,.395,.321,.673,7.5,.133
10,Dirk Nowitzki\nowitdi01,25,DAL,0.0,4.0,1230,0.003,77,37.9,21.8,8.7,2.7,1.2,1.4,.462,.341,.877,11.5,.190
13,Andrei Kirilenko\kirilan01,22,UTA,0.0,2.0,1230,0.002,78,37.1,16.5,8.1,3.1,1.9,2.8,.443,.338,.790,11.6,.192
14,Carmelo Anthony\anthoca01,19,DEN,0.0,1.0,1230,0.001,82,36.5,21.0,6.1,2.8,1.2,0.5,.426,.322,.777,6.1,.098
14,Yao Ming\mingya01,23,HOU,0.0,1.0,1230,0.001,82,32.8,17.5,9.0,1.5,0.3,1.9,.522,.000,.809,11.4,.202
14,Michael Redd\reddmi01,24,MIL,0.0,1.0,1230,0.001,82,36.8,21.7,5.0,2.3,1.0,0.1,.440,.350,.868,9.7,.154
1,Steve Nash\nashst01,30,PHO,65.0,1066.0,1270,0.839,75,34.3,15.5,3.3,11.5,1.0,0.1,.502,.431,.887,10.9,.203
2,Shaquille O'Neal\onealsh01,32,MIA,58.0,1032.0,1270,0.813,73,34.1,22.9,10.4,2.7,0.5,2.3,.601,,.461,11.0,.211
3,Dirk Nowitzki\nowitdi01,26,DAL,0.0,349.0,1270,0.275,78,38.7,26.1,9.7,3.1,1.2,1.5,.459,.399,.869,15.6,.248
4,Tim Duncan\duncati01,28,SAS,1.0,328.0,1270,0.258,66,33.4,20.3,11.1,2.7,0.7,2.6,.496,.333,.670,11.2,.245
5,Allen Iverson\iversal01,29,PHI,2.0,240.0,1270,0.189,75,42.3,30.7,4.0,7.9,2.4,0.1,.424,.308,.835,9.0,.136
6,LeBron James\jamesle01,20,CLE,0.0,93.0,1270,0.073,80,42.4,27.2,7.4,7.2,2.2,0.7,.472,.351,.750,14.3,.203
7,Tracy McGrady\mcgratr01,25,HOU,0.0,44.0,1270,0.035,78,40.8,25.7,6.2,5.7,1.7,0.7,.431,.326,.774,12.0,.180
8,Dwyane Wade\wadedw01,23,MIA,0.0,43.0,1270,0.034,77,38.6,24.1,5.2,6.8,1.6,1.1,.478,.289,.762,11.0,.177
9,Amar'e Stoudemire\stoudam01,22,PHO,1.0,41.0,1270,0.032,80,36.1,26.0,8.9,1.6,1.0,1.6,.559,.188,.733,14.6,.243
9,Ray Allen\allenra02,29,SEA,0.0,41.0,1270,0.032,78,39.3,23.9,4.4,3.7,1.1,0.1,.428,.376,.883,10.7,.168
11,Kevin Garnett\garneke01,28,MIN,0.0,15.0,1270,0.012,82,38.1,22.2,13.5,5.7,1.5,1.4,.502,.240,.811,16.1,.248
12,Gilbert Arenas\arenagi01,23,WAS,0.0,4.0,1270,0.003,80,40.9,25.5,4.7,5.1,1.7,0.3,.431,.365,.814,11.5,.169
13,Vince Carter\cartevi01,28,TOT,0.0,3.0,1270,0.002,77,36.7,24.5,5.2,4.2,1.4,0.6,.452,.406,.798,9.4,.159
14,P.J. Brown\brownpj01,35,NOH,0.0,1.0,1270,0.001,82,34.4,10.8,9.0,2.2,0.9,0.6,.446,,.864,6.9,.118
14,Marcus Camby\cambyma01,30,DEN,0.0,1.0,1270,0.001,66,30.5,10.3,10.0,2.3,0.9,3.0,.465,.000,.723,5.8,.138
14,Shawn Marion\mariosh01,26,PHO,0.0,1.0,1270,0.001,81,38.8,19.4,11.3,1.9,2.0,1.5,.476,.334,.833,12.5,.191
1,Steve Nash\nashst01,31,PHO,57.0,924.0,1250,0.739,79,35.4,18.8,4.2,10.5,0.8,0.2,.512,.439,.921,12.4,.212
2,LeBron James\jamesle01,21,CLE,16.0,688.0,1250,0.550,79,42.5,31.4,7.0,6.6,1.6,0.8,.480,.335,.738,16.3,.232
3,Dirk Nowitzki\nowitdi01,27,DAL,14.0,544.0,1250,0.435,81,38.1,26.6,9.0,2.8,0.7,1.0,.480,.406,.901,17.7,.275
4,Kobe Bryant\bryanko01,27,LAL,22.0,483.0,1250,0.386,80,41.0,35.4,5.3,4.5,1.8,0.4,.450,.347,.850,15.3,.224
5,Chauncey Billups\billuch01,29,DET,15.0,430.0,1250,0.344,81,36.1,18.5,3.1,8.6,0.9,0.1,.418,.433,.894,15.5,.254
6,Dwyane Wade\wadedw01,24,MIA,0.0,87.0,1250,0.070,75,38.6,27.2,5.7,6.7,1.9,0.8,.495,.171,.783,14.4,.239
7,Elton Brand\brandel01,26,LAC,1.0,50.0,1250,0.040,79,39.2,24.7,10.0,2.6,1.0,2.5,.527,.333,.775,14.8,.229
8,Tim Duncan\duncati01,29,SAS,0.0,33.0,1250,0.026,80,34.8,18.6,11.0,3.2,0.9,2.0,.484,.400,.629,10.8,.187
9,Tony Parker\parketo01,23,SAS,0.0,9.0,1250,0.007,80,33.9,18.9,3.3,5.8,1.0,0.1,.548,.306,.707,9.6,.169
10,Allen Iverson\iversal01,30,PHI,0.0,1.0,1250,0.001,72,43.1,33.0,3.2,7.4,1.9,0.1,.447,.323,.814,10.6,.165
10,Shawn Marion\mariosh01,27,PHO,0.0,1.0,1250,0.001,81,40.3,21.8,11.8,1.8,2.0,1.7,.525,.331,.809,14.6,.214
1,Dirk Nowitzki\nowitdi01,28,DAL,83.0,1138.0,1290,0.882,78,36.2,24.6,8.9,3.4,0.7,0.8,.502,.416,.904,16.3,.278
2,Steve Nash\nashst01,32,PHO,44.0,1013.0,1290,0.785,76,35.3,18.6,3.5,11.6,0.8,0.1,.532,.455,.899,12.6,.225
3,Kobe Bryant\bryanko01,28,LAL,2.0,521.0,1290,0.404,77,40.8,31.6,5.7,5.4,1.4,0.5,.463,.344,.868,13.0,.199
4,Tim Duncan\duncati01,30,SAS,0.0,286.0,1290,0.222,80,34.1,20.0,10.6,3.4,0.8,2.4,.546,.111,.637,13.0,.230
5,LeBron James\jamesle01,22,CLE,0.0,183.0,1290,0.142,78,40.9,27.3,6.7,6.0,1.6,0.7,.476,.319,.698,13.7,.206
6,Tracy McGrady\mcgratr01,27,HOU,0.0,110.0,1290,0.085,71,35.8,24.6,5.3,6.5,1.3,0.5,.431,.331,.707,8.6,.163
7,Chris Bosh\boshch01,22,TOR,0.0,43.0,1290,0.033,69,38.5,22.6,10.7,2.5,0.6,1.3,.496,.343,.785,9.6,.174
8,Gilbert Arenas\arenagi01,25,WAS,0.0,31.0,1290,0.024,74,39.8,28.4,4.6,6.0,1.9,0.2,.418,.351,.844,10.8,.177
9,Carlos Boozer\boozeca01,25,UTA,0.0,7.0,1290,0.005,74,34.6,20.9,11.7,3.0,0.9,0.3,.561,,.685,9.9,.185
9,Kevin Garnett\garneke01,30,MIN,0.0,7.0,1290,0.005,76,39.4,22.4,12.8,4.1,1.2,1.7,.476,.214,.835,10.7,.171
11,Chauncey Billups\billuch01,30,DET,0.0,4.0,1290,0.003,70,36.2,17.0,3.4,7.2,1.2,0.2,.427,.345,.883,11.4,.216
12,Shaquille O'Neal\onealsh01,34,MIA,0.0,3.0,1290,0.002,40,28.4,17.3,7.4,2.0,0.2,1.4,.591,,.422,2.8,.119
12,Dwyane Wade\wadedw01,25,MIA,0.0,3.0,1290,0.002,51,37.9,27.4,4.7,7.5,2.1,1.2,.491,.266,.807,8.8,.219
14,Amar'e Stoudemire\stoudam01,24,PHO,0.0,2.0,1290,0.002,82,32.8,20.4,9.6,1.0,1.0,1.3,.575,.000,.781,11.2,.201
15,Carmelo Anthony\anthoca01,22,DEN,0.0,1.0,1290,0.001,65,38.2,28.9,6.0,3.8,1.2,0.4,.476,.268,.808,7.3,.140
15,Baron Davis\davisba01,27,GSW,0.0,1.0,1290,0.001,63,35.3,20.1,4.4,8.1,2.1,0.5,.439,.304,.745,6.4,.139
15,Tony Parker\parketo01,24,SAS,0.0,1.0,1290,0.001,77,32.5,18.6,3.2,5.5,1.1,0.1,.520,.395,.783,9.6,.185
1,Kobe Bryant\bryanko01,29,LAL,82.0,1100.0,1260,0.873,82,38.9,28.3,6.3,5.4,1.8,0.5,.459,.361,.840,13.8,.208
2,Chris Paul\paulch01,22,NOH,28.0,894.0,1260,0.710,80,37.6,21.1,4.0,11.6,2.7,0.1,.488,.369,.851,17.8,.284
3,Kevin Garnett\garneke01,31,BOS,15.0,670.0,1260,0.532,71,32.8,18.8,9.2,3.4,1.4,1.3,.539,.000,.801,12.9,.265
4,LeBron James\jamesle01,23,CLE,1.0,438.0,1260,0.348,75,40.4,30.0,7.9,7.2,1.8,1.1,.484,.315,.712,15.2,.242
5,Dwight Howard\howardw01,22,ORL,0.0,60.0,1260,0.048,82,37.7,20.7,14.2,1.3,0.9,2.1,.599,.000,.590,12.9,.200
6,Amar'e Stoudemire\stoudam01,25,PHO,0.0,27.0,1260,0.021,79,33.9,25.2,9.1,1.5,0.8,2.1,.590,.161,.805,14.6,.262
7,Tim Duncan\duncati01,31,SAS,0.0,25.0,1260,0.020,78,34.0,19.3,11.3,2.8,0.7,1.9,.497,.000,.730,11.1,.201
8,Tracy McGrady\mcgratr01,28,HOU,0.0,19.0,1260,0.015,66,37.0,21.6,5.1,5.9,1.0,0.5,.419,.292,.684,5.8,.115
9,Steve Nash\nashst01,33,PHO,0.0,18.0,1260,0.014,81,34.3,16.9,3.5,11.1,0.7,0.1,.504,.470,.906,10.5,.181
10,Manu Ginóbili\ginobma01,30,SAS,0.0,9.0,1260,0.007,74,31.1,19.5,4.8,4.5,1.5,0.4,.460,.401,.860,11.1,.232
11,Dirk Nowitzki\nowitdi01,29,DAL,0.0,5.0,1260,0.004,77,36.0,23.6,8.6,3.5,0.7,0.9,.479,.359,.879,12.9,.223
12,Deron Williams\willide01,23,UTA,0.0,4.0,1260,0.003,82,37.3,18.8,3.0,10.5,1.1,0.3,.507,.395,.803,11.3,.177
13,Carmelo Anthony\anthoca01,23,DEN,0.0,3.0,1260,0.002,77,36.4,25.7,7.4,3.4,1.3,0.5,.492,.354,.786,8.2,.140
14,Carlos Boozer\boozeca01,26,UTA,0.0,1.0,1260,0.001,81,34.9,21.1,10.4,2.9,1.2,0.5,.547,.000,.738,10.2,.173
14,Antawn Jamison\jamisan01,31,WAS,0.0,1.0,1260,0.001,79,38.7,21.4,10.2,1.5,1.3,0.4,.436,.339,.760,9.2,.144
14,Paul Pierce\piercpa01,30,BOS,0.0,1.0,1260,0.001,80,35.9,19.6,5.1,4.5,1.3,0.5,.464,.392,.843,12.4,.207
14,Rasheed Wallace\wallara01,33,DET,0.0,1.0,1260,0.001,77,30.5,12.7,6.6,1.8,1.2,1.7,.432,.356,.767,7.6,.155
1,LeBron James\jamesle01,24,CLE,109.0,1172.0,1210,0.969,81,37.7,28.4,7.6,7.2,1.7,1.1,.489,.344,.780,20.3,.318
2,Kobe Bryant\bryanko01,30,LAL,2.0,698.0,1210,0.577,82,36.1,26.8,5.2,4.9,1.5,0.5,.467,.351,.856,12.7,.206
3,Dwyane Wade\wadedw01,27,MIA,7.0,680.0,1210,0.562,79,38.6,30.2,5.0,7.5,2.2,1.3,.491,.317,.765,14.7,.232
4,Dwight Howard\howardw01,23,ORL,1.0,328.0,1210,0.271,79,35.7,20.6,13.8,1.4,1.0,2.9,.572,.000,.594,13.8,.234
5,Chris Paul\paulch01,23,NOH,2.0,192.0,1210,0.159,78,38.5,22.8,5.5,11.0,2.8,0.1,.503,.364,.868,18.3,.292
6,Chauncey Billups\billuch01,32,TOT,0.0,33.0,1210,0.027,79,35.3,17.7,3.0,6.4,1.2,0.2,.418,.408,.913,10.1,.174
7,Paul Pierce\piercpa01,31,BOS,0.0,21.0,1210,0.017,81,37.5,20.5,5.6,3.6,1.0,0.3,.457,.391,.830,10.3,.164
8,Tony Parker\parketo01,26,SAS,0.0,9.0,1210,0.007,72,34.1,22.0,3.1,6.9,0.9,0.1,.506,.292,.782,8.6,.168
9,Brandon Roy\roybr01,24,POR,0.0,7.0,1210,0.006,78,37.2,22.6,4.7,5.1,1.1,0.3,.480,.377,.824,13.5,.223
10,Dirk Nowitzki\nowitdi01,30,DAL,0.0,3.0,1210,0.002,81,37.7,25.9,8.4,2.4,0.8,0.8,.479,.359,.890,10.9,.171
11,Tim Duncan\duncati01,32,SAS,0.0,2.0,1210,0.002,75,33.7,19.3,10.7,3.5,0.5,1.7,.504,.000,.692,10.1,.191
12,Yao Ming\mingya01,28,HOU,0.0,1.0,1210,0.001,77,33.6,19.7,9.9,1.8,0.4,1.9,.548,1.000,.866,10.6,.196
1,LeBron James\jamesle01,25,CLE,116.0,1205.0,1230,0.980,76,39.0,29.7,7.3,8.6,1.6,1.0,.503,.333,.767,18.5,.299
2,Kevin Durant\duranke01,21,OKC,4.0,609.0,1230,0.495,82,39.5,30.1,7.6,2.8,1.4,1.0,.476,.365,.900,16.1,.238
3,Kobe Bryant\bryanko01,31,LAL,0.0,599.0,1230,0.487,73,38.8,27.0,5.4,5.0,1.5,0.3,.456,.329,.811,9.4,.160
4,Dwight Howard\howardw01,24,ORL,3.0,478.0,1230,0.389,82,34.7,18.3,13.2,1.8,0.9,2.8,.612,.000,.592,13.2,.223
5,Dwyane Wade\wadedw01,28,MIA,0.0,119.0,1230,0.097,77,36.3,26.6,4.8,6.5,1.8,1.1,.476,.300,.761,13.0,.224
6,Carmelo Anthony\anthoca01,25,DEN,0.0,65.0,1230,0.053,69,38.2,28.2,6.6,3.2,1.3,0.4,.458,.316,.830,7.9,.145
7,Dirk Nowitzki\nowitdi01,31,DAL,0.0,55.0,1230,0.045,81,37.5,25.0,7.7,2.7,0.9,1.0,.481,.421,.915,12.3,.194
8,Steve Nash\nashst01,35,PHO,0.0,49.0,1230,0.040,81,32.8,16.5,3.3,11.0,0.5,0.1,.507,.426,.938,9.9,.178
9,Deron Williams\willide01,25,UTA,0.0,7.0,1230,0.006,76,36.9,18.7,4.0,10.5,1.3,0.2,.469,.371,.801,10.3,.177
10,Amar'e Stoudemire\stoudam01,27,PHO,0.0,5.0,1230,0.004,82,34.6,23.1,8.9,1.0,0.6,1.0,.557,.167,.771,10.7,.181
11,Manu Ginóbili\ginobma01,32,SAS,0.0,3.0,1230,0.002,75,28.7,16.5,3.8,4.9,1.4,0.3,.441,.377,.870,9.7,.216
12,Chauncey Billups\billuch01,33,DEN,0.0,1.0,1230,0.001,73,34.1,19.5,3.1,5.6,1.1,0.1,.418,.386,.910,9.5,.182
12,Chris Bosh\boshch01,25,TOR,0.0,1.0,1230,0.001,70,36.1,24.0,10.8,2.4,0.6,1.0,.518,.364,.797,9.6,.182
12,Stephen Jackson\jacksst02,31,TOT,0.0,1.0,1230,0.001,81,38.6,20.6,5.0,3.7,1.6,0.5,.423,.328,.779,5.0,.077
12,Joe Johnson\johnsjo02,28,ATL,0.0,1.0,1230,0.001,76,38.0,21.3,4.6,4.9,1.1,0.1,.458,.369,.818,8.4,.140
1,Derrick Rose\rosede01,22,CHI,113.0,1182.0,1210,0.977,81,37.4,25.0,4.1,7.7,1.0,0.6,.445,.332,.858,13.1,.208
2,Dwight Howard\howardw01,25,ORL,3.0,643.0,1210,0.531,78,37.6,22.9,14.1,1.4,1.4,2.4,.593,.000,.596,14.4,.235
3,LeBron James\jamesle01,26,MIA,4.0,522.0,1210,0.431,79,38.8,26.7,7.5,7.0,1.6,0.6,.510,.330,.759,15.6,.244
4,Kobe Bryant\bryanko01,32,LAL,1.0,428.0,1210,0.354,82,33.9,25.3,5.1,4.7,1.2,0.1,.451,.323,.828,10.3,.178
5,Kevin Durant\duranke01,22,OKC,0.0,190.0,1210,0.157,78,38.9,27.7,6.8,2.7,1.1,1.0,.462,.350,.880,12.0,.189
6,Dirk Nowitzki\nowitdi01,32,DAL,0.0,113.0,1210,0.093,73,34.3,23.0,7.0,2.6,0.5,0.6,.517,.393,.892,11.1,.213
7,Dwyane Wade\wadedw01,29,MIA,0.0,24.0,1210,0.020,76,37.1,25.5,6.4,4.6,1.5,1.1,.500,.306,.758,12.8,.218
8,Manu Ginóbili\ginobma01,33,SAS,0.0,20.0,1210,0.017,80,30.3,17.4,3.7,4.9,1.5,0.4,.433,.349,.871,9.9,.195
9,Amar'e Stoudemire\stoudam01,28,NYK,0.0,9.0,1210,0.007,78,36.8,25.3,8.2,2.6,0.9,1.9,.502,.435,.792,8.0,.134
10,Blake Griffin\griffbl01,21,LAC,0.0,5.0,1210,0.004,82,38.0,22.5,12.1,3.8,0.8,0.5,.506,.292,.642,9.8,.152
10,Rajon Rondo\rondora01,24,BOS,0.0,5.0,1210,0.004,68,37.2,10.6,4.4,11.2,2.3,0.2,.475,.233,.568,6.6,.126
12,Tony Parker\parketo01,28,SAS,0.0,3.0,1210,0.002,78,32.4,17.5,3.1,6.6,1.2,0.0,.519,.357,.769,8.2,.156
13,Chris Paul\paulch01,25,NOH,0.0,2.0,1210,0.002,80,36.0,15.9,4.1,9.8,2.4,0.1,.463,.388,.878,13.9,.232
1,LeBron James\jamesle01,27,MIA,85.0,1074.0,1210,0.888,62,37.5,27.1,7.9,6.2,1.9,0.8,.531,.362,.771,14.5,.298
2,Kevin Durant\duranke01,23,OKC,24.0,889.0,1210,0.735,66,38.6,28.0,8.0,3.5,1.3,1.2,.496,.387,.860,12.2,.230
3,Chris Paul\paulch01,26,LAC,6.0,385.0,1210,0.318,60,36.4,19.8,3.6,9.1,2.5,0.1,.478,.371,.861,12.7,.278
4,Kobe Bryant\bryanko01,33,LAL,2.0,352.0,1210,0.291,58,38.5,27.9,5.4,4.6,1.2,0.3,.430,.303,.845,6.2,.132
5,Tony Parker\parketo01,29,SAS,4.0,331.0,1210,0.274,60,32.1,18.3,2.9,7.7,1.0,0.1,.480,.230,.799,7.1,.177
6,Kevin Love\loveke01,23,MIN,0.0,58.0,1210,0.048,55,39.0,26.0,13.3,2.0,0.9,0.5,.448,.372,.824,10.0,.223
7,Dwight Howard\howardw01,26,ORL,0.0,13.0,1210,0.011,54,38.3,20.6,14.5,1.9,1.5,2.1,.573,.000,.491,7.7,.179
8,Rajon Rondo\rondora01,25,BOS,0.0,12.0,1210,0.010,53,36.9,11.9,4.8,11.7,1.8,0.1,.448,.238,.597,4.9,.121
9,Steve Nash\nashst01,37,PHO,0.0,7.0,1210,0.006,62,31.6,12.5,3.0,10.7,0.6,0.1,.532,.390,.894,5.9,.144
10,Dwyane Wade\wadedw01,30,MIA,0.0,6.0,1210,0.005,49,33.2,22.1,4.8,4.6,1.7,1.3,.497,.268,.791,7.7,.227
11,Derrick Rose\rosede01,23,CHI,0.0,5.0,1210,0.004,39,35.3,21.8,3.4,7.9,0.9,0.7,.435,.312,.812,6.0,.211
12T,Dirk Nowitzki\nowitdi01,33,DAL,0.0,4.0,1210,0.003,62,33.5,21.6,6.7,2.2,0.7,0.5,.457,.368,.896,7.6,.175
12T,Russell Westbrook\westbru01,23,OKC,0.0,4.0,1210,0.003,66,35.3,23.6,4.6,5.5,1.7,0.3,.457,.316,.823,7.9,.163
14,Tim Duncan\duncati01,35,SAS,0.0,3.0,1210,0.002,58,28.2,15.4,9.0,2.3,0.7,1.5,.492,.000,.695,5.9,.174
15,Joe Johnson\johnsjo02,30,ATL,0.0,1.0,1210,0.001,60,35.5,18.8,3.7,3.9,0.8,0.2,.454,.388,.849,6.4,.145
1,LeBron James\jamesle01,28,MIA,120.0,1207.0,1210,0.998,76,37.9,26.8,8.0,7.3,1.7,0.9,.565,.406,.753,19.3,.322
2,Kevin Durant\duranke01,24,OKC,0.0,765.0,1210,0.632,81,38.5,28.1,7.9,4.6,1.4,1.3,.510,.416,.905,18.9,.291
3,Carmelo Anthony\anthoca01,28,NYK,1.0,475.0,1210,0.393,67,37.0,28.7,6.9,2.6,0.8,0.5,.449,.379,.830,9.5,.184
4,Chris Paul\paulch01,27,LAC,0.0,289.0,1210,0.239,70,33.4,16.9,3.7,9.7,2.4,0.1,.481,.328,.885,13.9,.287
5,Kobe Bryant\bryanko01,34,LAL,0.0,184.0,1210,0.152,78,38.6,27.3,5.6,6.0,1.4,0.3,.463,.324,.839,10.9,.174
6,Tony Parker\parketo01,30,SAS,0.0,86.0,1210,0.071,66,32.9,20.3,3.0,7.6,0.8,0.1,.522,.353,.845,9.3,.206
7,Tim Duncan\duncati01,36,SAS,0.0,65.0,1210,0.054,69,30.1,17.8,9.9,2.7,0.7,2.7,.502,.286,.817,8.3,.191
8,James Harden\hardeja01,23,HOU,0.0,33.0,1210,0.027,78,38.3,25.9,4.9,5.8,1.8,0.5,.438,.368,.851,12.8,.206
9,Russell Westbrook\westbru01,24,OKC,0.0,9.0,1210,0.007,82,34.9,23.2,5.2,7.4,1.8,0.3,.438,.323,.800,11.6,.195
10,Dwyane Wade\wadedw01,31,MIA,0.0,5.0,1210,0.004,69,34.7,21.2,5.0,5.1,1.9,0.8,.521,.258,.725,9.6,.192
11,Stephen Curry\curryst01,24,GSW,0.0,3.0,1210,0.002,78,38.2,22.9,4.0,6.9,1.6,0.2,.451,.453,.900,11.2,.180
12,Kevin Garnett\garneke01,36,BOS,0.0,1.0,1210,0.001,68,29.7,14.8,7.8,2.3,1.1,0.9,.496,.125,.786,5.6,.133
12,Marc Gasol\gasolma01,28,MEM,0.0,1.0,1210,0.001,80,35.0,14.1,7.8,4.0,1.0,1.7,.494,.071,.848,11.5,.197
12,Ty Lawson\lawsoty01,25,DEN,0.0,1.0,1210,0.001,73,34.4,16.7,2.7,6.9,1.5,0.1,.461,.366,.756,7.4,.141
12,David Lee\leeda02,29,GSW,0.0,1.0,1210,0.001,79,36.8,18.5,11.2,3.5,0.8,0.3,.519,.000,.797,9.1,.150
12,Joakim Noah\noahjo01,27,CHI,0.0,1.0,1210,0.001,66,36.8,11.9,11.1,4.0,1.2,2.1,.481,.000,.751,7.3,.145
1,Kevin Durant\duranke01,25,OKC,119.0,1232.0,1250,0.986,81,38.5,32.0,7.4,5.5,1.3,0.7,.503,.391,.873,19.2,.295
2,LeBron James\jamesle01,29,MIA,6.0,891.0,1250,0.713,77,37.7,27.1,6.9,6.3,1.6,0.3,.567,.379,.750,15.9,.264
3,Blake Griffin\griffbl01,24,LAC,0.0,434.0,1250,0.347,80,35.8,24.1,9.5,3.9,1.2,0.6,.528,.273,.715,12.2,.205
4,Joakim Noah\noahjo01,28,CHI,0.0,322.0,1250,0.258,80,35.3,12.6,11.3,5.4,1.2,1.5,.475,.000,.737,11.2,.190
5,James Harden\hardeja01,24,HOU,0.0,85.0,1250,0.068,73,38.0,25.4,4.7,6.1,1.6,0.4,.456,.366,.866,12.8,.221
6,Stephen Curry\curryst01,25,GSW,0.0,66.0,1250,0.053,78,36.5,24.0,4.3,8.5,1.6,0.2,.471,.424,.885,13.4,.225
7,Chris Paul\paulch01,28,LAC,0.0,45.0,1250,0.036,62,35.0,19.1,4.3,10.7,2.5,0.1,.467,.368,.855,12.2,.270
8,Al Jefferson\jeffeal01,29,CHA,0.0,34.0,1250,0.027,73,35.0,21.8,10.8,2.1,0.9,1.1,.509,.200,.690,7.8,.146
9,Paul George\georgpa01,23,IND,0.0,33.0,1250,0.026,80,36.2,21.7,6.8,3.5,1.9,0.3,.424,.364,.864,10.8,.178
10,LaMarcus Aldridge\aldrila01,28,POR,0.0,26.0,1250,0.021,69,36.2,23.2,11.1,2.6,0.9,1.0,.458,.200,.822,7.5,.144
11,Kevin Love\loveke01,25,MIN,0.0,25.0,1250,0.020,77,36.3,26.1,12.5,4.4,0.8,0.5,.457,.376,.821,14.3,.245
12,Tim Duncan\duncati01,37,SAS,0.0,21.0,1250,0.017,74,29.2,15.1,9.7,3.0,0.6,1.9,.490,.000,.731,7.4,.164
12,Tony Parker\parketo01,31,SAS,0.0,21.0,1250,0.017,68,29.4,16.7,2.3,5.7,0.5,0.1,.499,.373,.811,5.9,.141
14,Dirk Nowitzki\nowitdi01,35,DAL,0.0,7.0,1250,0.006,80,32.9,21.7,6.2,2.7,0.9,0.6,.497,.398,.899,10.9,.199
15,Carmelo Anthony\anthoca01,29,NYK,0.0,4.0,1250,0.003,77,38.7,27.4,8.1,3.1,1.2,0.7,.452,.402,.848,10.7,.172
16,Goran Dragić\dragigo01,27,PHO,0.0,3.0,1250,0.002,76,35.1,20.3,3.2,5.9,1.4,0.3,.505,.408,.760,10.3,.186
17,Mike Conley\conlemi01,26,MEM,0.0,1.0,1250,0.001,73,33.5,17.2,2.9,6.0,1.5,0.2,.450,.361,.815,8.2,.161
1,Stephen Curry\curryst01,26,GSW,100.0,1198.0,1300,0.922,80,32.7,23.8,4.3,7.7,2.0,0.2,.487,.443,.914,15.7,.288
2,James Harden\hardeja01,25,HOU,25.0,936.0,1300,0.720,81,36.8,27.4,5.7,7.0,1.9,0.7,.440,.375,.868,16.4,.265
3,LeBron James\jamesle01,30,CLE,5.0,552.0,1300,0.425,69,36.1,25.3,6.0,7.4,1.6,0.7,.488,.354,.710,10.4,.199
4,Russell Westbrook\westbru01,26,OKC,0.0,352.0,1300,0.271,67,34.4,28.1,7.3,8.6,2.1,0.2,.426,.299,.835,10.6,.222
5,Anthony Davis\davisan02,21,NOP,0.0,203.0,1300,0.156,68,36.1,24.4,10.2,2.2,1.5,2.9,.535,.083,.805,14.0,.274
6,Chris Paul\paulch01,29,LAC,0.0,124.0,1300,0.095,82,34.8,19.1,4.6,10.2,1.9,0.2,.485,.398,.900,16.1,.270
7,LaMarcus Aldridge\aldrila01,29,POR,0.0,6.0,1300,0.005,71,35.4,23.4,10.2,1.7,0.7,1.0,.466,.352,.845,8.6,.165
8,Marc Gasol\gasolma01,30,MEM,0.0,3.0,1300,0.002,81,33.2,17.4,7.8,3.8,0.9,1.6,.494,.176,.795,10.2,.182
8,Blake Griffin\griffbl01,25,LAC,0.0,3.0,1300,0.002,67,35.2,21.9,7.6,5.3,0.9,0.5,.502,.400,.728,9.0,.183
10,Tim Duncan\duncati01,38,SAS,0.0,1.0,1300,0.001,77,28.9,13.9,9.1,3.0,0.8,2.0,.512,.286,.740,9.6,.207
10,Kawhi Leonard\leonaka01,23,SAS,0.0,1.0,1300,0.001,64,31.8,16.5,7.2,2.5,2.3,0.8,.479,.349,.802,8.6,.204
10,Klay Thompson\thompkl01,24,GSW,0.0,1.0,1300,0.001,77,31.9,21.7,3.2,2.9,1.1,0.8,.463,.439,.879,8.8,.172
1,Stephen Curry\curryst01,27,GSW,131.0,1310.0,1310,1.000,79,34.2,30.1,5.4,6.7,2.1,0.2,.504,.454,.908,17.9,.318
2,Kawhi Leonard\leonaka01,24,SAS,0.0,634.0,1310,0.484,72,33.1,21.2,6.8,2.6,1.8,1.0,.506,.443,.874,13.7,.277
3,LeBron James\jamesle01,31,CLE,0.0,631.0,1310,0.482,76,35.6,25.3,7.4,6.8,1.4,0.6,.520,.309,.731,13.6,.242
4,Russell Westbrook\westbru01,27,OKC,0.0,486.0,1310,0.371,80,34.4,23.5,7.8,10.4,2.0,0.3,.454,.296,.812,14.0,.245
5,Kevin Durant\duranke01,27,OKC,0.0,147.0,1310,0.112,72,35.8,28.2,8.2,5.0,1.0,1.2,.505,.387,.898,14.5,.270
6,Chris Paul\paulch01,30,LAC,0.0,107.0,1310,0.082,74,32.7,19.5,4.2,10.0,2.1,0.2,.462,.371,.896,12.7,.253
7,Draymond Green\greendr01,25,GSW,0.0,50.0,1310,0.038,81,34.7,14.0,9.5,7.4,1.5,1.4,.490,.388,.696,11.1,.190
8,Damian Lillard\lillada01,25,POR,0.0,26.0,1310,0.020,75,35.7,25.1,4.0,6.8,0.9,0.4,.419,.375,.892,9.2,.165
9,James Harden\hardeja01,26,HOU,0.0,9.0,1310,0.007,82,38.1,29.0,6.1,7.5,1.7,0.6,.439,.359,.860,13.3,.204
10,Kyle Lowry\lowryky01,29,TOR,0.0,6.0,1310,0.005,77,37.0,21.2,4.7,6.4,2.1,0.4,.427,.388,.811,11.6,.196
1,Russell Westbrook\westbru01,28,OKC,69.0,888.0,1010,0.879,81,34.6,31.6,10.7,10.4,1.6,0.4,.425,.343,.845,13.1,.224
2,James Harden\hardeja01,27,HOU,22.0,753.0,1010,0.746,81,36.4,29.1,8.1,11.2,1.5,0.5,.440,.347,.847,15.0,.245
3,Kawhi Leonard\leonaka01,25,SAS,9.0,500.0,1010,0.495,74,33.4,25.5,5.8,3.5,1.8,0.7,.485,.380,.880,13.6,.264
4,LeBron James\jamesle01,32,CLE,1.0,333.0,1010,0.330,74,37.8,26.4,8.6,8.7,1.2,0.6,.548,.363,.674,12.9,.221
5,Isaiah Thomas\thomais02,27,BOS,0.0,81.0,1010,0.080,76,33.8,28.9,2.7,5.9,0.9,0.2,.463,.379,.909,12.5,.234
6,Stephen Curry\curryst01,28,GSW,0.0,52.0,1010,0.051,79,33.4,25.3,4.5,6.6,1.8,0.2,.468,.411,.898,12.6,.229
7,Giannis Antetokounmpo\antetgi01,22,MIL,0.0,7.0,1010,0.007,80,35.6,22.9,8.8,5.4,1.6,1.9,.521,.272,.770,12.4,.210
7,John Wall\walljo01,26,WAS,0.0,7.0,1010,0.007,78,36.4,23.1,4.2,10.7,2.0,0.6,.451,.327,.801,8.8,.149
9,Anthony Davis\davisan02,23,NOP,0.0,2.0,1010,0.002,75,36.1,28.0,11.8,2.1,1.3,2.2,.505,.299,.802,11.0,.195
9,Kevin Durant\duranke01,28,GSW,0.0,2.0,1010,0.002,62,33.4,25.1,8.3,4.8,1.1,1.6,.537,.375,.875,12.0,.278
11,DeMar DeRozan\derozde01,27,TOR,0.0,1.0,1010,0.001,74,35.4,27.3,5.2,3.9,1.1,0.2,.467,.266,.842,9.0,.166
1,James Harden\hardeja01,28,HOU,86.0,965.0,1010,0.955,72,35.4,30.4,5.4,8.8,1.8,0.7,.449,.367,.858,15.4,.289
2,LeBron James\jamesle01,33,CLE,15.0,738.0,1010,0.731,82,36.9,27.5,8.6,9.1,1.4,0.9,.542,.367,.731,14.0,.221
3,Anthony Davis\davisan02,24,NOP,0.0,445.0,1010,0.441,75,36.4,28.1,11.1,2.3,1.5,2.6,.534,.340,.828,13.7,.241
4,Damian Lillard\lillada01,27,POR,0.0,207.0,1010,0.205,73,36.6,26.9,4.5,6.6,1.1,0.4,.439,.361,.916,12.6,.227
5,Russell Westbrook\westbru01,29,OKC,0.0,76.0,1010,0.075,80,36.4,25.4,10.1,10.3,1.8,0.3,.449,.298,.737,10.1,.166
6,Giannis Antetokounmpo\antetgi01,23,MIL,0.0,75.0,1010,0.074,75,36.7,26.9,10.0,4.8,1.5,1.4,.529,.307,.760,11.9,.207
7,Kevin Durant\duranke01,29,GSW,0.0,66.0,1010,0.065,68,34.2,26.4,6.8,5.4,0.7,1.8,.516,.419,.889,10.4,.215
8,DeMar DeRozan\derozde01,28,TOR,0.0,32.0,1010,0.032,80,33.9,23.0,3.9,5.2,1.1,0.3,.456,.310,.825,9.6,.170
9,LaMarcus Aldridge\aldrila01,32,SAS,0.0,6.0,1010,0.006,75,33.5,23.1,8.5,2.0,0.6,1.2,.510,.293,.837,10.9,.209
10,Jimmy Butler\butleji01,28,MIN,0.0,5.0,1010,0.005,59,36.7,22.2,5.3,4.9,2.0,0.4,.474,.350,.854,8.9,.198
10,Stephen Curry\curryst01,29,GSW,0.0,5.0,1010,0.005,51,32.0,26.4,5.1,6.1,1.6,0.2,.495,.423,.921,9.1,.267
12,Joel Embiid\embiijo01,23,PHI,0.0,4.0,1010,0.004,63,30.3,22.9,11.0,3.2,0.6,1.8,.483,.308,.769,6.2,.155
13,Victor Oladipo\oladivi01,25,IND,0.0,2.0,1010,0.002,75,34.0,23.1,5.2,4.3,2.4,0.8,.477,.371,.799,8.2,.155
1,Giannis Antetokounmpo\antetgi01,24,MIL,78.0,941.0,1010,0.932,72,32.8,27.7,12.5,5.9,1.3,1.5,.578,.256,.729,14.4,.292
2,James Harden\hardeja01,29,HOU,23.0,776.0,1010,0.768,78,36.8,36.1,6.6,7.5,2.0,0.7,.442,.368,.879,15.2,.254
3,Paul George\georgpa01,28,OKC,0.0,356.0,1010,0.352,77,36.9,28.0,8.2,4.1,2.2,0.4,.438,.386,.839,11.9,.201
4,Nikola Jokić\jokicni01,23,DEN,0.0,212.0,1010,0.210,80,31.3,20.1,10.8,7.3,1.4,0.7,.511,.307,.821,11.8,.226
5,Stephen Curry\curryst01,30,GSW,0.0,175.0,1010,0.173,69,33.8,27.3,5.3,5.2,1.3,0.4,.472,.437,.916,9.7,.199
6,Damian Lillard\lillada01,28,POR,0.0,69.0,1010,0.068,80,35.5,25.8,4.6,6.9,1.1,0.4,.444,.369,.912,12.1,.205
7,Joel Embiid\embiijo01,24,PHI,0.0,49.0,1010,0.049,64,33.7,27.5,13.6,3.7,0.7,1.9,.484,.300,.804,8.7,.194
8,Kevin Durant\duranke01,30,GSW,0.0,25.0,1010,0.025,78,34.6,26.0,6.4,5.9,0.7,1.1,.521,.353,.885,11.5,.204
9,Kawhi Leonard\leonaka01,27,TOR,0.0,13.0,1010,0.013,60,34.0,26.6,7.3,3.3,1.8,0.4,.496,.371,.854,9.5,.224
10,Russell Westbrook\westbru01,30,OKC,0.0,8.0,1010,0.008,73,36.0,22.9,11.1,10.7,1.9,0.5,.428,.290,.656,6.8,.124
11,Rudy Gobert\goberru01,26,UTA,0.0,1.0,1010,0.001,81,31.8,15.9,12.9,2.0,0.8,2.3,.669,,.636,14.4,.268
11,LeBron James\jamesle01,34,LAL,0.0,1.0,1010,0.001,55,35.2,27.4,8.5,8.3,1.3,0.6,.510,.339,.665,7.2,.179
